0, Admission IC, 0.04128532, -0.02074012, -0.05789695, 0.03828308
1, Admission NC, -0.037065268, 0.022188362, 0.023248792, -0.027233368
2, CRP, 0.035081536, 0.022857744, -0.004744852, -0.016065376
3, ER Registration, 0.0017170006, 0.025267014, 0.00083940924, 0.037788734
4, ER Sepsis Triage, 0.0024430284, 0.035142597, 0.0013907547, 0.05258678
5, ER Triage, 0.04506271, -0.037191108, -0.05148924, 0.04874358
6, IV Antibiotics, 0.0029139407, 0.041392494, 0.0011450333, 0.06191958
7, IV Liquid, 0.0026280065, 0.037295144, 0.0009784037, 0.055907916
8, LacticAcid, 0.062093273, 0.040513556, -0.00912641, -0.02811198
9, Leucocytes, 0.061431125, 0.03993867, -0.008512539, -0.028262256
10, Release A, 0.006475224, -0.010016117, -0.07664417, 0.015635444
11, Release B, 0.009006377, -0.0078410525, -0.04844126, 0.014361853
12, Release C, -0.023485005, 0.01743561, 0.10010392, -0.034177203
13, Release D, 0.010692897, -0.00911419, -0.055683106, 0.016863551
14, other, 0.008315339, -0.006647334, -0.042574655, 0.012693638
