0, Admission IC, 0.0005732409, 0.00042218686, -0.0006373067, 0.060852565
1, Admission NC, 0.030001387, 0.013854402, -0.037640788, 0.061643697
2, CRP, -0.0060368, 0.09351856, 0.030998843, -0.017859032
3, ER Registration, -0.060275756, 0.007919899, -0.054952133, 0.021975351
4, ER Sepsis Triage, -0.05968176, 0.007866177, -0.05443106, 0.021975603
5, ER Triage, -0.02655064, -0.011703403, 0.030532213, -0.07087903
6, IV Antibiotics, -0.055663094, 0.0072758286, -0.05062609, 0.020692296
7, IV Liquid, -0.05128969, 0.0067136344, -0.046859294, 0.019404387
8, LacticAcid, -0.0032876593, 0.05048662, 0.01669613, -0.010929347
9, Leucocytes, -0.0025074075, 0.03965928, 0.013088837, -0.007592163
10, Release A, -0.0059930333, 0.00017490053, 0.03907427, 0.09879818
11, Release B, 0.0019662622, 0.0011932736, 0.0032130196, 0.08236187
12, Release C, -0.0008891522, -0.00071955693, -0.0037193308, -0.07328955
13, Release D, -0.0005038185, -0.00031907926, -0.0032809626, -0.07011747
14, other, 0.0010890956, 0.0005677564, 0.00100795, 0.08587905
