0, start, -0.02335209, -0.04823214, 0.03527965, -0.0025697753, 0.025399344
1, Admission IC, -0.035351954, 0.013821224, 0.029693779, -0.038462453, -0.037602
2, Admission NC, 0.06699471, -0.02785534, -0.050822493, 0.004982902, -0.04661463
3, CRP, 0.031441912, -0.060186036, -0.019905927, -0.023058202, 0.048571512
4, ER Registration, -0.041689742, -0.0038068106, -0.0052718725, 0.068316706, 0.022329938
5, ER Sepsis Triage, 0.01979981, -0.008415884, -0.067047074, -0.02797684, 0.01975596
6, ER Triage, 0.05676104, -0.0014447871, 0.021277897, -0.019505344, -0.06458991
7, IV Antibiotics, -0.03969596, 0.002498554, 0.029307382, -0.04449242, -0.059027925
8, IV Liquid, -0.01010582, 0.036100537, -0.024593312, 0.060083065, -0.0020326623
9, LacticAcid, -0.0018367942, -0.033187367, 0.00014173791, -0.016813362, -0.059939913
10, Leucocytes, -0.014444866, 0.038962595, 0.00257945, 0.056627084, 0.04435247
11, Release A, 0.021236777, -0.018903317, -0.011285808, 0.05463304, 0.034936044
12, Release B, 0.03354867, 0.04846087, -0.002879165, -0.03866847, -0.004191165
13, Release C, 0.07845578, -0.016722675, 0.017592756, 0.00089803606, 0.00985321
14, Release D, 0.0020728998, 0.04979626, 0.04037616, -0.047413208, -0.0047578285
15, other, -0.055118237, -0.03804843, -0.0073281745, 0.024613824, -0.039056335
16, end, -0.002462626, 0.018766345, 0.048707735, 0.036510885, -0.033913948
