0, Admission IC, -0.0015032777, -0.006467689, -0.044795383, -7.115839e-05
1, Admission NC, 0.020063791, -0.0063342936, -0.00490465, -0.0035142899
2, CRP, 0.0030094872, -0.020636762, 0.04627608, -0.02111888
3, ER Registration, 0.036898915, 0.039264474, -0.023108244, 0.0026663418
4, ER Sepsis Triage, 0.021722112, 0.030100707, 0.049809363, -0.014983546
5, ER Triage, 0.020325366, -0.008589052, 0.03938477, 0.021383528
6, IV Antibiotics, 0.017977986, -0.01083684, -0.039104678, -0.025118327
7, IV Liquid, -0.046410132, -0.0003317818, -0.03877865, -0.021559691
8, LacticAcid, -0.027038682, 0.025124442, 0.04158831, 0.016294364
9, Leucocytes, 0.029312316, 0.037179913, 0.032048773, 0.02538203
10, Release A, 0.046526145, -0.014601372, -0.0011387239, -0.00030992352
11, Release B, -0.01764796, 0.04648963, 0.016282666, 0.026753593
12, Release C, 0.040164795, 0.01915164, 0.007694207, 0.014369812
13, Release D, 0.044566583, 0.00056289515, 0.030948404, 0.020504106
14, other, 0.039342795, -0.015902389, -0.010640096, -0.0455315
