0, Admission IC, 0.040872682, -0.0040200837, 0.0216497, 0.017999504
1, Admission NC, 0.04076777, -0.0060407394, 0.021620672, 0.019285789
2, CRP, -0.041595057, 0.033908296, 0.016657237, 0.027305523
3, ER Registration, -0.00071414607, -0.011862981, -0.07549127, 0.0138678085
4, ER Sepsis Triage, -0.0008161677, -0.01205155, -0.07548665, 0.01363398
5, ER Triage, -0.085247666, -0.16075799, 0.020553196, -0.010744756
6, IV Antibiotics, -0.0009883802, -0.012219112, -0.075519726, 0.013777688
7, IV Liquid, -0.0010123919, -0.012405884, -0.075687796, 0.013839178
8, LacticAcid, -0.04097658, 0.034427002, 0.016671408, 0.026859764
9, Leucocytes, -0.04167332, 0.033949487, 0.01666587, 0.027341623
10, Release A, 0.015591303, 0.035016898, 0.012147029, -0.050753895
11, Release B, 0.034802217, 0.07546541, 0.02006471, -0.05134632
12, Release C, 0.02229567, 0.049043972, 0.015508682, -0.05097251
13, Release D, 0.022501957, 0.049146652, 0.015383932, -0.050719798
14, other, 0.038537808, 0.08252873, 0.02099656, -0.05379772
