0, start, 0.1817857, 0.09648706, -0.026605746, -0.09247387, -0.11231262
1, A_ACCEPTED, -0.13689685, 0.0689905, 0.100333095, 0.0860321, -0.13498805
2, A_ACTIVATED, 0.07793074, 0.00164345, -0.009773094, -0.053136695, -0.25933442
3, A_APPROVED, 0.07130083, 0.00031763187, -0.008977045, -0.048003178, -0.2427678
4, A_CANCELLED, -0.04422337, 0.17708324, 0.080536634, 0.14050497, -0.019866178
5, A_DECLINED, -0.026038809, 0.19781934, 0.08644738, 0.13727206, -0.04106964
6, A_FINALIZED, -0.1359604, 0.067189, 0.098920174, 0.08334937, -0.13038509
7, A_PARTLYSUBMITTED, 0.102935165, 0.18516614, 0.016858898, 0.03596805, 0.08827615
8, A_PREACCEPTED, -0.03760338, 0.21511808, 0.09911904, 0.11364147, 0.010537665
9, A_REGISTERED, 0.07980682, -0.00091785437, -0.010941321, -0.054333143, -0.2692627
10, A_SUBMITTED, 0.10321526, 0.19037038, 0.01817627, 0.0371346, 0.0932392
11, O_ACCEPTED, 0.11756074, 0.06956437, -0.0048766737, -0.04217328, -0.21712191
12, O_CANCELLED, -0.057585675, 0.16735281, 0.089158066, 0.14110093, -0.06497242
13, O_CREATED, -0.123909496, 0.06613473, 0.08793481, 0.10629611, -0.13591978
14, O_DECLINED, -0.04892298, 0.05885088, 0.047266394, 0.14342313, -0.21651122
15, O_SELECTED, -0.12425779, 0.065246545, 0.0875861, 0.11226513, -0.13938878
16, O_SENT, -0.118380636, 0.06563029, 0.08518414, 0.10674596, -0.12883648
17, O_SENT_BACK, 0.040924214, -0.009638009, -0.06629429, 0.21177837, -0.10693784
18, W_Afhandelen leads, -0.043912925, 0.015832871, 0.0034866487, 0.22469507, -0.13313904
19, W_Beoordelen fraude, -0.13827766, -0.08049864, 0.020747535, 0.06657567, 0.1628743
20, W_Completeren aanvraag, -0.03324431, 0.046032038, 0.012322342, 0.19667472, -0.09192584
21, W_Nabellen incomplete dossiers, -0.022005737, 0.018733975, -0.0021466226, 0.18805459, -0.11596434
22, W_Nabellen offertes, -0.03433555, 0.022769304, 0.0039911373, 0.1957677, -0.100379236
23, W_Valideren aanvraag, 0.031054854, 0.035613496, -0.0072454573, 0.14603323, -0.19008069
24, end, -0.18153349, -0.101154976, 0.024901472, 0.08987952, 0.10894406
