0, start, -0.010999723, 0.03619486, -0.01772035, -0.03533232
1, Assign seriousness, -0.029693332, 0.010210231, 0.037000448, 0.0003545471
2, Closed, -0.06338974, 0.026231993, -0.010377328, 0.051703215
3, Create SW anomaly, -0.027507821, 0.008059892, 0.05890416, -0.013152565
4, DUPLICATE, -0.012938559, -0.036801625, 0.07798058, 0.03155374
5, INVALID, -0.015459151, -0.01926635, 0.0623498, 0.014947669
6, Insert ticket, -0.03516891, 0.014168817, 0.06539934, -0.016142193
7, RESOLVED, -0.016948204, -0.016523093, 0.062438875, 0.012146755
8, Require upgrade, -0.035632346, 0.010181815, 0.074907355, -0.016215123
9, Resolve SW anomaly, -0.027925212, 0.019668793, 0.04375672, -0.023859903
10, Resolve ticket, -0.025851365, 0.007596547, 0.049960352, -0.009643596
11, Schedule intervention, -0.02691546, 0.017409325, 0.04471558, -0.021189021
12, Take in charge ticket, -0.04225343, 0.014885784, 0.04484641, 0.005312384
13, VERIFIED, -0.012939794, -0.024588881, 0.062230024, 0.020054942
14, Wait, -0.026465522, 0.008333769, 0.05169542, -0.009529508
15, end, 0.015056061, -0.04948244, 0.024304332, 0.04831705
