0, start, -0.009225426, -0.04688309, 0.016434511, -0.0061766445, -0.054173965
1, Change Version, -0.0085858805, -0.03708464, 0.012663501, -0.005780271, -0.04366246
2, Final Inspection, -0.0033248006, -0.045412917, 0.03816855, 0.0023411878, -0.056293536
3, Final Inspection Q.C., 0.019309537, 0.0048135924, 0.06448164, 0.026528819, -0.014066936
4, Fix, -0.027664138, -0.039988916, 0.0052180006, 0.00049237814, -0.09200445
5, Flat Grinding, 0.03911674, -0.0007906126, -0.036088716, 0.010221643, -0.031592198
6, Grinding Rework, 0.050038565, -0.011115221, -0.040112086, 0.011205643, -0.043116946
7, Lapping, 0.036689438, 0.0066515687, -0.034619786, 0.012736065, -0.029722633
8, Laser Marking, 0.039829616, 0.023142135, -0.05772955, 0.027816098, -0.07134972
9, Milling, -0.019317126, 0.05148505, 0.03831665, 0.038578752, -0.0012786189
10, Milling Q.C., -0.003590337, -0.064773254, 0.051588323, 0.0028083995, -0.079189785
11, Nitration Q.C., -0.0008251218, -0.04897676, 0.05370433, 0.0069172406, -0.062415577
12, Packing, 0.0058874986, 0.029979054, 0.02953351, 0.039854623, -0.0061405995
13, Rework Milling, -0.009206591, -0.04735093, 0.0147605585, -0.007143955, -0.053821243
14, Round  Q.C., -0.0042709424, -0.06123781, 0.052126955, 0.0033337506, -0.075806476
15, Round Grinding, 0.0603339, 0.010130219, 0.00230145, 0.027935501, -0.02538097
16, SETUP     Turning & Milling, -0.030400507, -0.027584294, 0.007080241, -0.00025606275, -0.06737895
17, Setup, 0.0073094456, 0.051363643, -0.016927337, 0.007382472, 0.05476801
18, Stress Relief, -0.02977213, -0.048395727, 0.012905223, -0.0033378853, -0.08549446
19, Turn & Mill. & Screw Assem, -0.036725316, 0.006626359, 0.0011003471, 0.008291789, -0.049331054
20, Turning, -0.057806566, 0.044332877, -0.014020999, 0.0116282, -0.053134546
21, Turning & Milling, -0.06601432, 0.047637254, -0.013152321, 0.012163389, -0.0288535
22, Turning & Milling Q.C., 0.02535065, -0.002444461, 0.046037316, 0.019517662, -0.013068515
23, Turning Q.C., 0.014304497, -0.01498366, 0.07098129, 0.022409018, -0.032565445
24, Turning Rework, 0.011157615, 0.056436945, -0.017486898, 0.006745454, 0.06323483
25, end, -0.010494754, -0.05149306, 0.016155891, -0.007709914, -0.05903289
