0, start, 0.06719114, 0.022930194, 0.01032268, 0.04331546
1, Admission IC, 0.05589765, 0.021781145, 0.034926355, 0.058098435
2, Admission NC, 0.015357412, 0.0083521735, 0.032564074, 0.037655428
3, CRP, 0.008569534, 0.041755214, -0.03833636, 0.01810304
4, ER Registration, 0.06774997, -0.04570257, -0.03171853, 0.016800474
5, ER Sepsis Triage, 0.057494532, -0.038708907, -0.027119357, 0.014804366
6, ER Triage, 0.05282553, 0.024336651, 0.042537604, 0.009200384
7, IV Antibiotics, 0.044203788, -0.029368227, -0.020188035, 0.011543152
8, IV Liquid, 0.07750016, -0.05020375, -0.034677844, 0.020532152
9, LacticAcid, 0.011889128, 0.042056546, -0.036524516, 0.02002614
10, Leucocytes, 0.008705416, 0.042480115, -0.03943858, 0.01903869
11, Release A, 0.062664434, 0.037973784, 0.031582035, 0.015750209
12, Release B, -0.072515436, -0.023774173, -0.011096166, -0.046863828
13, Release C, -0.06040646, -0.022867396, -0.012115503, -0.036393676
14, Release D, -0.075797796, -0.02929846, -0.013708826, -0.04422947
15, other, 0.05183058, 0.020093601, 0.012811128, 0.030125245
16, end, -0.0794688, -0.027684571, -0.0129890125, -0.05042897
