0, start, 0.034907836, 0.02682533, -0.012246772, 0.020480458
1, Admission IC, 0.054806076, 0.04129596, -0.011631092, 0.02106436
2, Admission NC, -0.013029954, 0.0016689899, 0.041002985, -0.0700293
3, CRP, 0.0040370887, 0.054560173, -0.013108697, -0.036387604
4, ER Registration, -0.029609682, -0.02691178, -0.048619803, -0.024467349
5, ER Sepsis Triage, -0.034910437, -0.032453954, -0.057597928, -0.028669525
6, ER Triage, 0.02442945, 0.05244663, -0.048520707, 0.031281076
7, IV Antibiotics, -0.02991087, -0.027311368, -0.04754396, -0.024051474
8, IV Liquid, -0.027916294, -0.024818517, -0.042871285, -0.022378594
9, LacticAcid, 0.008648821, 0.061284065, -0.015161612, -0.036976438
10, Leucocytes, 0.006454651, 0.07816847, -0.018563358, -0.05299508
11, Release A, -0.05127357, -0.009419092, 0.033191036, -0.02314692
12, Release B, -0.048055377, -0.02731808, 0.022321334, -0.027499555
13, Release C, 0.04861744, 0.035608076, -0.018979538, 0.028289884
14, Release D, -0.063777715, -0.040355984, 0.028640097, -0.036883377
15, Return ER, -0.07489563, -0.036470883, 0.023823766, -0.028177125
16, other, 0.04742628, 0.031351566, -0.019896545, 0.02762065
17, end, 0.053657025, 0.04197192, -0.016031066, 0.031793244
