0, start, 0.07880538, -0.02187695, 0.006497231, -0.009171597, -0.0036175984
1, 01_BB_5, 0.0077380612, 0.056945343, -0.02588648, -0.056514435, -0.04677768
2, 01_BB_6, 0.005312425, 0.045463018, -0.026130367, -0.051268574, -0.040996656
3, 01_BB_7, 0.0086517595, 0.063812576, -0.027629344, -0.06277573, -0.04937656
4, 01_HOOFD_0, 0.006040894, 0.051623315, -0.007736029, -0.05481276, -0.010137167
5, 01_HOOFD_1, 0.0070362664, 0.0447857, -0.0026965872, -0.040868916, -0.004752649
6, 01_HOOFD_2, 0.009707222, 0.06468396, -0.0036111071, -0.05693909, -0.0054499907
7, 01_HOOFD_3, 0.00767405, 0.05346796, -0.0042207907, -0.048606496, -0.005700597
8, 01_HOOFD_4, 0.0066985125, 0.04894246, -0.005461393, -0.044961818, -0.008318104
9, 01_HOOFD_5, 0.007061027, 0.061754793, -0.02457341, -0.06067188, -0.042279206
10, 01_HOOFD_6, -0.089621395, 0.02641619, -0.0032140557, 0.016674628, 0.003667219
11, 01_HOOFD_7, -0.013244495, -0.021125281, -0.046169933, -0.06283582, 0.004227761
12, 01_HOOFD_8, 0.008258659, 0.056111947, -0.0067726513, -0.05398826, -0.01012078
13, 01_OLO_1, 0.0038943293, 0.038344268, -0.020834956, -0.04085811, -0.034378078
14, 01_OLO_2, 0.0099669825, 0.04174949, -0.019085402, -0.040758464, -0.037316047
15, 02_DRZ_0, 0.0071299137, 0.06373267, -0.011879874, -0.06662164, -0.008596892
16, 02_OLO_1, 0.07480087, -0.023869244, 0.00080547674, -0.01643389, -0.0024635156
17, 03_GBH_0, 0.0020742894, 0.023144003, -0.013835479, -0.027187547, -0.020556275
18, 03_VD_0, 0.02223708, 0.045500662, 0.032072637, 0.033948194, -0.027686376
19, 04_BPT_0, 0.0062816814, 0.054860923, -0.010159782, -0.05760772, -0.008425627
20, 05_EIND_0, 0.0059369924, 0.049877703, -0.029290982, -0.058335915, -0.043082412
21, 06_OLO_1, 0.09780789, -0.029815765, 0.0013387556, -0.02153237, -0.0035439464
22, 06_VD_0, 0.0075700395, 0.046455104, -0.018430186, -0.040362533, -0.038687535
23, 06_VD_1, 0.07327408, -0.023640556, 0.001008221, -0.01629785, -0.0013807305
24, 07_OPS_0, 0.005369023, 0.031202845, -0.014785206, -0.030872215, -0.027713683
25, 08_AWB45_0, 0.009593005, 0.05844779, -1.0134863e-06, -0.049250867, -0.0014967244
26, 08_AWB45_1, 0.009782761, 0.057656776, -0.025468934, -0.054195516, -0.050281584
27, 08_OLO_1, 0.007016188, 0.07154301, 0.04504023, 0.053142644, -0.038379174
28, 09_AH_I_0, 0.00843537, 0.06190164, -0.006895566, -0.05750297, -0.009877946
29, 09_AWB45_0, 0.00651836, 0.048240606, -0.021313375, -0.0449084, -0.04176083
30, 10_OLO_1, -0.10662736, 0.021491583, -0.018191824, -0.0006687317, 0.0072581004
31, 10_UOV_0, 0.0053095613, 0.042982217, -0.021452332, -0.044264022, -0.036728006
32, 10_UOV_1, 0.005177583, 0.03942771, -0.021203918, -0.042469323, -0.035137393
33, 10_UOV_2, 0.0068011787, 0.049200777, -0.027249634, -0.054320026, -0.043862175
34, 11_AH_II_0, 0.0068194163, 0.04566083, 0.00024496854, -0.04063169, 0.0012651096
35, 11_AH_II_1, -0.077777654, 0.073437005, 0.02109019, 0.034992598, -0.018171653
36, 12_AP_0, 0.007714428, 0.053125285, -0.021677114, -0.046102848, -0.046007395
37, 12_AP_UOV_0, 0.06892497, 0.03360051, 0.033645354, 0.024625806, -0.031317372
38, 13_CRD_0, 0.008653792, 0.055279266, -0.015335205, -0.040108763, -0.04182508
39, 14_VRIJ_0, 0.005240082, 0.039493825, -0.020410616, -0.041226804, -0.035095938
40, 14_VRIJ_1, -0.12928952, 0.039207634, -0.0038048588, 0.025159787, 0.0046516745
41, 15_NGV_0, 0.0057578753, 0.03712096, -0.014778111, -0.032251198, -0.03190441
42, 16_LGSD_0, 0.004406915, 0.03884341, -0.018301843, -0.0378341, -0.033400547
43, 16_LGSV_0, 0.0032329094, 0.043674838, -0.027149886, -0.051790874, -0.039557472
44, 99_NOCODE_0, 0.008480032, 0.047530133, -0.015308085, -0.036164097, -0.040136084
45, end, -0.09554872, 0.026195863, -0.0068929754, 0.01302549, 0.00417017
