0, start, -0.050102983, 0.016327178, -0.07594233, 0.03065817, -0.0007781667
1, 01_BB_5, -0.062358726, 0.04424498, 0.06294856, 0.03414514, -0.012254779
2, 01_BB_6, -0.04431403, 0.033342406, 0.046751782, 0.027345126, -0.005224605
3, 01_BB_7, -0.053662896, 0.04415884, 0.054355104, 0.029094188, -0.010862846
4, 01_HOOFD_0, -0.04633205, 0.06782759, 0.04959265, 0.011246323, -0.018242978
5, 01_HOOFD_1, -0.036172364, 0.060972966, 0.048231702, 0.025579693, 0.007318926
6, 01_HOOFD_2, -0.022933133, 0.05458273, 0.045990992, 0.04569066, 0.044065192
7, 01_HOOFD_3, -0.01970486, 0.044025924, 0.037881315, 0.037482053, 0.035072133
8, 01_HOOFD_4, -0.036523703, 0.050374463, 0.04260341, 0.01923596, -0.0028631676
9, 01_HOOFD_5, -0.05987099, 0.062734626, 0.05900948, 0.019610727, -0.023558311
10, 01_HOOFD_7, -0.055167302, 0.008610822, 0.0630686, 0.066040084, 0.022257233
11, 01_HOOFD_8, -0.039544694, 0.040281873, 0.043170456, 0.02089674, -0.0066506467
12, 01_OLO_1, -0.001589104, 0.06857384, 0.030406706, 0.036902964, 0.059911676
13, 01_OLO_2, -0.044269413, 0.015215795, -0.06745232, 0.027010985, -0.0007739288
14, 02_DRZ_0, -0.019164165, 0.06915031, 0.023058396, -0.009052532, -0.013087105
15, 03_GBH_0, -0.03845845, 0.056531694, 0.037299316, 0.00077252067, -0.024855768
16, 03_VD_0, -0.054015398, 0.023145057, -0.082387045, 0.03720294, 0.005027533
17, 04_BPT_0, -0.02492114, 0.09440591, 0.033705816, -0.006598844, -0.011112786
18, 05_EIND_0, -0.03838434, 0.055160824, 0.040866647, 0.0081071, -0.016744308
19, 06_VD_0, -0.016015844, 0.042547166, 0.03592, 0.039304063, 0.04034245
20, 07_OPS_0, -0.021353543, 0.04939895, 0.046826705, 0.051097587, 0.050290633
21, 08_AWB45_0, -0.011552931, 0.0902992, 0.047159035, 0.046033617, 0.06559053
22, 08_AWB45_1, -0.002590798, 0.054918487, 0.02608145, 0.029382342, 0.045938313
23, 08_AWB45_WAW_0, -0.044020467, 0.012547462, -0.06767058, 0.025432996, -0.0032044377
24, 08_OLO_1, -0.04164493, 0.013007861, -0.063217714, 0.024485573, -0.0024302907
25, 09_AH_I_0, -0.019422658, 0.048652567, 0.04114735, 0.04361409, 0.043246366
26, 09_AWB45_0, -0.0018202522, 0.06769179, 0.031969648, 0.036206674, 0.05770404
27, 10_UOV_0, -0.023851901, 0.052869957, 0.04674626, 0.05331194, 0.051247958
28, 10_UOV_1, -0.019833846, 0.04223782, 0.041976422, 0.049762752, 0.04926976
29, 10_UOV_2, -0.025938403, 0.041002005, 0.047997456, 0.056427747, 0.050013565
30, 11_AH_II_0, -0.0045694774, 0.056217425, 0.027043298, 0.028407814, 0.043232344
31, 11_AH_II_1, 0.054828048, -0.0103696855, 0.090896785, -0.02835337, 0.009832999
32, 11_OLO_1, -0.052643966, 0.01748978, -0.08072851, 0.032277483, -0.0011752128
33, 12_AP_0, 0.058179095, 0.0064412826, 0.102719344, -0.016477011, 0.030534055
34, 12_AP_UOV_0, -0.0022177277, 0.068351716, 0.029420199, 0.036919795, 0.059246257
35, 13_CRD_0, -0.0029569743, 0.053653553, 0.026153304, 0.02839232, 0.044290714
36, 14_VRIJ_0, -0.03503523, 0.06255384, 0.04541423, 0.018485136, 0.00066712656
37, 14_VRIJ_1, 0.055009324, -0.011841543, 0.08780576, -0.033018872, 0.0030935134
38, 15_NGV_0, -0.018620295, 0.04250813, 0.04098978, 0.04541483, 0.0447529
39, 16_LGSD_0, -0.018375084, 0.09021493, 0.024456233, -0.009299717, -0.0068587884
40, 16_LGSV_0, -0.02442324, 0.096357614, 0.027092608, -0.021363242, -0.025863668
41, 99_NOCODE_0, -0.009465018, 0.08138246, 0.027936917, 0.008722404, 0.021107897
42, end, 0.025554879, -0.008552398, 0.040248152, -0.016009944, 2.966715e-05
