0, start, -0.04630793, -0.0036092226, 0.016955623, -0.08028281, 0.04528492
1, 01_BB_5, -0.006875539, 0.050298557, 0.078947164, 0.027988931, 0.0113368975
2, 01_BB_6, -0.032120507, 0.017920306, 0.062015057, 0.039027575, 0.008931922
3, 01_BB_7, -0.0326296, 0.05614421, 0.040497236, 0.026017237, -0.006393223
4, 01_HOOFD_0, -0.050830692, 0.07060567, 0.05168057, 0.03450177, -0.007678679
5, 01_HOOFD_1, -0.040819038, 0.052358665, 0.029070403, 0.022948846, -0.008514562
6, 01_HOOFD_2, -0.036590043, 0.045468826, 0.025280153, 0.019714747, -0.0070072184
7, 01_HOOFD_3, -0.042285983, 0.059073303, 0.032351706, 0.02277858, -0.008786165
8, 01_HOOFD_4, -0.018574417, 0.027198317, 0.016707357, 0.010712634, -0.0034296869
9, 01_HOOFD_5, -0.034338724, 0.056537878, 0.035545208, 0.020891001, -0.0075266026
10, 01_HOOFD_7, -0.032779995, 0.06962917, 0.022851046, 0.014819927, -0.013471856
11, 01_HOOFD_8, -0.040841002, 0.0653562, 0.042024914, 0.027666073, -0.008249349
12, 01_OLO_1, -0.044012543, 0.015287626, 0.05918899, 0.041759267, 0.0077286256
13, 01_OLO_2, 0.047744974, 0.005644655, -0.008863537, 0.07686253, -0.041031204
14, 02_DRZ_0, -0.03628229, 0.023188576, 0.067024544, 0.04057963, 0.009255567
15, 03_GBH_0, -0.041073214, 0.055534393, 0.04641211, 0.029871263, -0.0046095205
16, 03_VD_0, -0.016192278, 0.027477575, 0.08621987, 0.032451067, 0.019171344
17, 04_BPT_0, -0.032075778, 0.02021187, 0.054308623, 0.034354143, 0.006923052
18, 05_EIND_0, -0.035971247, 0.055555165, 0.023690863, 0.01789605, -0.010410395
19, 06_OLO_1, 0.045987956, 0.003578716, -0.017575735, 0.07867908, -0.04469291
20, 06_VD_0, -0.037848223, 0.050972886, 0.023658352, 0.019266602, -0.009311296
21, 06_VD_1, -0.044785004, -0.003914278, 0.01804978, -0.07318789, 0.042662248
22, 07_OPS_0, -0.0365933, 0.05297869, 0.022469332, 0.01787036, -0.010037774
23, 08_AWB45_0, -0.061536495, 0.02746741, 0.06489185, 0.049426567, 0.004494677
24, 08_AWB45_1, -0.05902718, 0.015174645, 0.06567488, 0.052524637, 0.0069625764
25, 08_OLO_1, -0.07175927, -0.021582985, -0.026671236, 0.013967104, -0.00861771
26, 09_AH_I_0, -0.048291035, 0.06557101, 0.03306967, 0.024667349, -0.010942568
27, 09_AWB45_0, -0.051856566, 0.05492637, 0.026103856, 0.025388952, -0.011377208
28, 10_OLO_1, 0.051358476, 0.0057537844, -0.014496226, 0.08490261, -0.046962157
29, 10_UOV_0, -0.026723597, 0.03658429, 0.10928028, 0.04845376, 0.021378497
30, 10_UOV_1, -0.01661028, 0.030249266, 0.09391871, 0.038502086, 0.019818457
31, 10_UOV_2, -0.010411049, 0.02021703, 0.065064065, 0.026578235, 0.013768434
32, 11_AH_II_0, -0.050104782, 0.061291154, 0.045252267, 0.030976044, -0.0069282246
33, 11_AH_II_1, -0.036759924, -0.0014844688, 0.017030062, -0.052348085, 0.032488964
34, 11_OLO_1, -0.04882622, -0.0036856467, 0.019117728, -0.08032659, 0.04643456
35, 12_AP_0, -0.040447433, -0.0022464127, 0.018583875, -0.06180452, 0.037507787
36, 12_AP_UOV_0, -0.0107316375, 0.022929026, 0.07025723, 0.030286148, 0.013873613
37, 13_CRD_0, -0.021276416, 0.023299655, 0.068235055, 0.030470742, 0.013717088
38, 14_VRIJ_0, -0.038604364, 0.057163324, 0.022683963, 0.018002665, -0.011121021
39, 14_VRIJ_1, -0.040869467, -0.0043871636, 0.012410046, -0.06985368, 0.038739443
40, 15_NGV_0, -0.050657228, 0.06732005, 0.036985353, 0.026827142, -0.010377947
41, 16_LGSD_0, -0.023091475, 0.03020123, 0.09432745, 0.042086974, 0.018725814
42, 16_LGSV_0, -0.01587346, 0.021407671, 0.06468352, 0.02920821, 0.012375075
43, 99_NOCODE_0, -0.04115494, 0.018478751, 0.068615474, 0.04376148, 0.01027541
44, end, -0.03356628, -0.003035828, 0.011751042, -0.058178138, 0.032752268
