0, start, -0.02000832, 0.03716371, -0.054115046, -0.043306157, 0.003290896
1, 01_BB_5, -0.016463911, 0.011297435, -0.020501535, 0.04838755, 0.06538755
2, 01_BB_6, -0.018614644, 0.008056729, -0.01429982, 0.037489425, 0.050761133
3, 01_BB_7, -0.02260707, 0.007870566, -0.0152845, 0.040458445, 0.05436296
4, 01_HOOFD_0, -0.0025254905, 0.008311419, -0.014639329, 0.02966721, 0.040497124
5, 01_HOOFD_1, -0.009693429, 0.009662327, -0.013015328, 0.032588225, 0.048274886
6, 01_HOOFD_2, -0.009310981, 0.015061503, -0.018790042, 0.04479893, 0.064556554
7, 01_HOOFD_3, -0.010510035, 0.013415888, -0.015922086, 0.040081322, 0.057464607
8, 01_HOOFD_4, -0.0109620625, 0.007706116, -0.014445103, 0.03285176, 0.04411598
9, 01_HOOFD_5, -0.016397554, 0.0065340684, -0.030668207, 0.05601327, 0.06801091
10, 01_HOOFD_6, 0.049031653, 0.027160382, -0.019755557, 0.029241694, 0.051811963
11, 01_HOOFD_7, 0.057524703, 0.02626836, -0.029550496, 0.037368502, 0.05794202
12, 01_HOOFD_8, -0.02443151, 0.01241878, -0.019639222, 0.05180445, 0.07118817
13, 01_OLO_1, 0.049112495, 0.020836437, -0.02581914, 0.03172026, 0.04764636
14, 02_DRZ_0, -0.013877793, 0.017137675, -0.018621743, 0.049654983, 0.072063394
15, 03_GBH_0, 0.042183157, 0.014482482, -0.03767907, 0.044733744, 0.054580186
16, 03_VD_0, 0.0107191745, 0.063525915, 0.056283563, -0.02073422, 0.046793226
17, 04_BPT_0, -0.010552884, 0.012786083, -0.015165869, 0.03972718, 0.059454013
18, 05_EIND_0, 0.04282471, 0.022799676, -0.024888085, 0.03434704, 0.053957324
19, 06_VD_0, 0.03810707, 0.023749731, -0.02025219, 0.03154992, 0.05351246
20, 06_VD_1, 0.061189245, 0.028540483, -0.028952995, 0.03831942, 0.06109362
21, 07_OPS_0, 0.0480313, 0.02629026, -0.025927506, 0.035001397, 0.056954972
22, 08_AWB45_0, -0.017078036, 0.013272116, -0.013706579, 0.04091508, 0.059452638
23, 08_AWB45_1, 0.019504748, 0.07154179, 0.056914292, -0.016347319, 0.058801636
24, 08_OLO_1, 0.02600856, -0.050449833, 0.07055628, 0.057744563, -0.0049965726
25, 09_AH_I_0, -0.010491344, 0.016447026, -0.020803863, 0.049978916, 0.0711152
26, 09_AWB45_0, 0.037726056, 0.020934582, -0.017604213, 0.025668578, 0.043011397
27, 10_OLO_1, 0.0065891026, -0.031793974, -0.07201424, 0.017937338, -0.016856173
28, 10_UOV_0, -0.024991998, 0.008350383, -0.017792018, 0.045272045, 0.059996866
29, 10_UOV_1, -0.01386248, 0.0075681447, -0.014801013, 0.03506798, 0.04689049
30, 10_UOV_2, 0.050922558, 0.020641956, -0.028288689, 0.03426763, 0.04969329
31, 11_AH_II_0, -0.014209915, 0.018837508, -0.023524294, 0.057679858, 0.082070135
32, 11_AH_II_1, 0.017215768, 0.05957326, 0.046774913, -0.0143183125, 0.047993306
33, 12_AP_0, -0.005382865, 0.020098493, -0.013367178, 0.041260988, 0.0656245
34, 12_AP_UOV_0, -0.0618358, -0.04638432, -0.03400665, 0.03544563, -0.0040256544
35, 13_CRD_0, -0.0140011115, 0.012799013, -0.01706481, 0.04311357, 0.060367003
36, 14_VRIJ_0, 0.045795377, 0.02219566, -0.024474202, 0.03391835, 0.051712032
37, 14_VRIJ_1, -0.017751465, 0.037991803, -0.045659304, -0.04180717, 0.00519298
38, 15_NGV_0, 0.046941098, 0.023647903, -0.0239985, 0.0322251, 0.051314715
39, 16_LGSD_0, 0.02157372, -0.03765635, 0.058476623, 0.045327242, -0.0023944764
40, 16_LGSV_0, 0.046332322, 0.023844007, -0.01945322, 0.028607232, 0.048018146
41, end, -0.020815419, 0.03824387, -0.056047186, -0.044696417, 0.0034122833
