0, start, 0.04868176, -0.018128175, -0.04938878, 0.025366914, 0.007627658
1, 01_BB_5, 0.045901943, -0.00035882028, 0.031900194, -0.052593835, 0.083009005
2, 01_BB_6, 0.05697887, -0.01928481, 0.039000083, -0.061114017, 0.018072996
3, 01_BB_7, 0.04719741, -0.013905073, 0.032754306, -0.046223793, 0.017851012
4, 01_HOOFD_0, 0.018766731, -0.002389011, 0.011676001, -0.026753873, 0.039228935
5, 01_HOOFD_1, 0.026729433, -0.0047740955, 0.014997382, -0.045452937, 0.06449237
6, 01_HOOFD_2, 0.013688816, -0.002632646, 0.0063790884, -0.029152334, 0.04414328
7, 01_HOOFD_3, 0.021707661, -0.0053442977, 0.010152794, -0.045909416, 0.065719545
8, 01_HOOFD_4, 0.013873793, -0.00031444902, 0.0070670745, -0.025653204, 0.043311864
9, 01_HOOFD_5, 0.028917145, 0.004497594, 0.020178972, -0.037935548, 0.08243743
10, 01_HOOFD_6, 0.0048858663, -0.032084677, -0.054810174, -0.03110578, 0.0034912985
11, 01_HOOFD_7, 0.052441046, -0.023214675, 0.031915832, -0.042350553, -0.016187469
12, 01_HOOFD_8, 0.039012562, 0.00021456034, 0.02733209, -0.046316277, 0.0800249
13, 02_DRZ_0, 0.04427628, -0.011390091, 0.03032881, -0.03781685, 0.011449839
14, 03_GBH_0, 0.019582907, 5.2108953e-07, 0.011507261, -0.03022251, 0.05107339
15, 03_VD_0, -0.026472751, -0.03846802, -0.04977679, -0.07354084, 0.0049907444
16, 04_BPT_0, 0.045012932, 0.0006439359, 0.030630266, -0.052388087, 0.084129415
17, 05_EIND_0, 0.02255633, -0.0003437649, 0.013550405, -0.035118494, 0.059018947
18, 06_VD_0, 0.012956825, -0.002099714, 0.0056239837, -0.030409357, 0.048102293
19, 06_VD_1, -0.03367904, -0.037228998, -0.055492043, -0.06812004, 0.0022624964
20, 07_OPS_0, 0.018147225, -0.0004146193, 0.006336914, -0.042647325, 0.0712688
21, 08_AWB45_0, 0.025765657, -0.0038640117, 0.013049492, -0.049434792, 0.070563175
22, 08_AWB45_1, 0.018822413, -0.0030152542, 0.006655215, -0.04789685, 0.07392929
23, 08_AWB45_WAW_0, -0.056001954, -0.003025512, 0.017566912, -0.055984, -0.006952085
24, 09_AH_I_0, 0.015874928, -0.0029544837, 0.0074653593, -0.034204338, 0.049641468
25, 09_AWB45_0, -0.015395777, -0.04490727, -0.043013304, -0.09030014, 0.0076134726
26, 10_UOV_0, 0.02512612, 0.0055874665, 0.01802317, -0.029578397, 0.06835897
27, 10_UOV_1, -0.025345443, 0.041539486, -0.0029499196, 0.049177285, 0.07113208
28, 10_UOV_2, -0.019398995, 0.028165214, -0.002923551, 0.03461155, 0.04441604
29, 11_AH_II_0, 0.018488195, -0.0031799024, 0.008361929, -0.038586862, 0.055769864
30, 11_AH_II_1, -0.02448717, -0.034278564, -0.044932533, -0.063587956, 0.00062150916
31, 12_AP_0, -0.034702647, -0.038554564, -0.05163762, -0.07840442, 0.0067154877
32, 12_AP_UOV_0, -0.070774816, 0.032590684, 0.07900288, -0.03181546, -0.0048700348
33, 13_CRD_0, 0.023862863, -0.0038646834, 0.010926475, -0.048420798, 0.06877299
34, 14_VRIJ_0, 0.027947877, -0.0010639698, 0.0149564035, -0.046060886, 0.071395025
35, 14_VRIJ_1, 0.078327015, -0.028174475, -0.07354733, 0.038763665, 0.01143582
36, 15_NGV_0, -0.03891903, -0.010389136, -0.047179803, -0.045716222, 0.060893673
37, 16_LGSV_0, -0.06745365, 0.025409985, 0.066257715, -0.032945644, -0.01035947
38, 99_NOCODE_0, -0.06655602, 0.011082703, 0.044374682, -0.05097411, -0.00814206
39, end, 0.025108106, -0.009463882, -0.025568703, 0.013040835, 0.0039155837
