0, start, 0.09359843, -0.07989166, 0.17135142, 0.031260267, 0.013939589
1, Role 1, -0.073150195, 0.079162, 0.05384512, 0.1745058, -0.09606646
2, Role 10, -0.09149035, 0.077984825, -0.16595504, -0.032770045, -0.012511777
3, Role 2, -0.0049046082, 0.047011744, 0.02509983, 0.09359821, -0.21046054
4, Role 3, -0.15970707, 0.13694884, 0.15816195, -0.042493522, -0.060286094
5, Role 4, 0.058896005, -0.03507729, -0.08425474, 0.23702843, -0.0455094
6, Role 5, 0.123851135, -0.1146929, 0.23957208, 0.046686623, 0.024270568
7, Role 6, 0.043343175, 0.19511622, 0.048737656, 0.063159905, 0.095477805
8, Role 7, 0.10870929, -0.09199936, 0.20358065, 0.03743793, 0.015650712
9, Role 8, -0.109160304, 0.095849045, -0.24320716, -0.01629942, -0.01753596
10, Role 9, -0.14041285, 0.11831318, -0.23719111, -0.049417768, -0.026277399
11, end, -0.084854566, 0.07301106, -0.15635256, -0.028355706, -0.012660261
