0, start, 0.018606527, 0.03725796, 0.01945995, -0.06675033, -0.020542782
1, Role 1, -0.04494261, 0.03366119, -0.015377416, 0.016913716, -0.034797456
2, Role 10, -0.015211391, -0.031107528, -0.016245505, 0.053970523, 0.017070748
3, Role 11, 0.02003258, 0.03832147, 0.018924953, -0.06955033, -0.021552714
4, Role 12, 0.012932627, 0.029788395, 0.014303214, -0.04930853, -0.016062306
5, Role 13, -0.020258922, -0.039487813, -0.020954417, 0.070565894, 0.021485131
6, Role 14, -0.012337106, -0.02466386, -0.013069754, 0.044416394, 0.013541458
7, Role 2, 0.07038589, 0.014719194, -0.024454424, 0.02615789, -0.03799885
8, Role 3, 0.042229597, 0.015529389, 0.06577652, 0.043447215, -0.019104263
9, Role 4, -0.023676133, -0.013083419, -0.0069399145, 0.06353186, 0.010680933
10, Role 5, -0.005814438, 0.012516969, 0.011338524, 0.10118461, -3.1160176e-05
11, Role 6, 0.012456136, 0.057108488, 0.019901149, -0.07895992, -0.034400832
12, Role 7, 0.035876833, 0.012262031, -0.02811026, 0.015284355, -0.027075632
13, Role 8, 0.021000246, 0.040421385, 0.021721767, -0.07576186, -0.023969922
14, Role 9, 0.029312722, 0.055942547, 0.030453032, -0.05458906, -0.033974092
15, end, 0.017530454, 0.03459568, 0.018566987, -0.062423553, -0.018942147
