0, start, -0.014253111, -0.022096662, 0.049263228, -0.027478283, -0.02359423
1, Role 1, 0.0029710701, 0.047025766, -0.01852072, -0.05805848, -0.017100208
2, Role 2, 0.012690933, 0.07184503, 0.0019166528, -0.042819005, -0.02011037
3, Role 3, 0.008651859, 0.04350714, -0.015895844, -0.053210787, -0.017115228
4, Role 4, 0.008275661, 0.04956643, -0.002035824, -0.031822927, -0.017708186
5, Role 5, 0.0065694363, 0.033406794, 0.026980601, -0.02951459, 0.05673992
6, Role 6, 0.006296447, 0.037640404, 0.030146541, -0.03149054, 0.060366303
7, Role 7, -0.019211864, -0.0291411, 0.06768434, -0.037890244, -0.03015781
8, Role 8, -0.01246119, -0.018829672, 0.044327352, -0.0245947, -0.020038377
9, end, 0.022339612, 0.034613457, -0.07714882, 0.04270872, 0.037015207
