0, start, 0.018152868, 0.07116553, -0.02534389, -0.027848084, -0.017252155
1, Role 1, 0.03592214, -0.0020624425, 0.025177, -0.035138566, 0.04799733
2, Role 10, 0.021835404, 0.08540877, -0.03057156, -0.033302013, -0.02096692
3, Role 11, -0.019015523, -0.07593524, 0.027544474, 0.029141244, 0.021140303
4, Role 12, 0.0196481, 0.07660553, -0.027369168, -0.030297216, -0.01828856
5, Role 2, 0.020577755, -0.014298982, 0.0024929226, -0.068726584, 0.07179011
6, Role 3, 0.015342919, 0.010408226, 0.013161171, -0.021587748, 0.07349588
7, Role 4, 0.046090823, -0.0009477081, 0.03454321, -0.038953587, 0.056768585
8, Role 5, 0.007820318, 0.009057985, 0.005612976, -0.015533653, 0.06309599
9, Role 6, -0.013804843, -0.065797314, 0.024834545, 0.024006978, 0.015023621
10, Role 7, 0.019029632, 0.07588363, -0.027189672, -0.029365702, -0.018140998
11, Role 8, 0.01964271, 0.07598324, -0.027109984, -0.029864773, -0.018465815
12, Role 9, -0.007073104, 0.020215258, -0.0038851395, -0.0017775337, 0.08744574
13, end, 0.014200473, 0.0553883, -0.019608535, -0.02177257, -0.013640762
