0, Admission IC, -0.052579537, -0.040349793, -0.035521857, -0.031539377
1, Admission NC, 0.013550738, -0.010478138, -0.04399393, 0.033937603
2, CRP, 0.004902029, -0.05570296, -0.02020394, -0.06613905
3, ER Registration, -0.0051792352, 0.033383843, -0.028349455, -0.03905111
4, ER Sepsis Triage, -0.044387028, 0.018885987, -0.016998533, 0.03118855
5, ER Triage, -0.009265321, 0.017227646, 0.032137338, 0.03410998
6, IV Antibiotics, 0.029062105, 0.039508928, 0.04508905, -0.012201404
7, IV Liquid, -0.03336769, 0.00780604, 0.034945875, 0.04175152
8, LacticAcid, -0.027848907, 0.02252935, 0.043022584, 0.020841695
9, Leucocytes, 0.0077617895, 0.063669406, 0.010586115, 0.0011848316
10, Release A, 0.051508714, -0.0031533223, -0.009730937, -0.036776803
11, Release B, -0.05756674, -0.04461104, -0.0063060396, 0.069210894
12, Release C, 0.010840188, 0.035665546, 0.05650032, -0.028226588
13, Release D, -0.044310886, 0.009735403, 0.05398184, 0.07874435
14, other, 0.00014417373, -0.055415887, 0.005177103, 0.067397
