0, Admission IC, -0.050302632, 0.03836743, 0.031174423, -0.01995344
1, Admission NC, -0.047264244, 0.036049936, 0.029291408, -0.018748209
2, CRP, -0.040247142, 0.030697778, 0.024942653, -0.01596475
3, ER Registration, -0.062226683, 0.04746227, 0.038564198, -0.024683328
4, ER Sepsis Triage, -0.03150921, 0.024033073, 0.019527426, -0.012498691
5, ER Triage, -0.045405738, 0.034632407, 0.028139627, -0.018011002
6, IV Antibiotics, -0.048704877, 0.03714876, 0.030184224, -0.019319661
7, IV Liquid, -0.04099614, 0.031269062, 0.025406834, -0.016261853
8, LacticAcid, -0.061629623, 0.04700687, 0.03819417, -0.024446491
9, Leucocytes, -0.060790483, 0.046366833, 0.037674125, -0.024113638
10, Release A, -0.06241263, 0.047604118, 0.038679417, -0.024757085
11, Release B, -0.04698763, 0.03583896, 0.029119985, -0.018638484
12, Release C, -0.052959867, 0.040394176, 0.0328212, -0.02100748
13, Release D, -0.04301926, 0.032812156, 0.026660634, -0.017064357
14, other, -0.044732753, 0.034119066, 0.027722543, -0.017744042
